#VRML V2.0 utf8
Shape
{
geometry PointSet
{
coord Coordinate
{
point[
2.21913 -1.43553 -2.87462
2.76143 -1.44006 -2.83448
3.55857 -1.45463 -2.79264
4.3587 -1.47047 -2.75327
5.52802 -1.50292 -2.71593
6.27818 -1.52118 -2.68642
6.84488 -1.53403 -2.66209
4.07974 0.912801 2.39193
9.74337 -1.80036 -2.97282
9.84612 -1.50848 -2.33008
-7.85013 -1.57367 -4.10223
-0.655488 1.07206 2.30112
-0.639437 1.06426 2.28569
-0.723477 1.07926 2.31047
-0.801939 1.09283 2.33268
-0.858725 1.10136 2.34596
-0.912058 1.10908 2.35781
-0.847583 1.08998 2.3223
-0.890596 1.09516 2.32958
-0.940051 1.10179 2.33939
-0.975344 1.10548 2.34414
1.74272 -1.42574 -2.88047
2.4445 -1.43612 -2.83639
3.7792 -1.47183 -2.78698
4.82501 -1.49895 -2.74639
6.41418 -1.55459 -2.71586
6.30992 -1.53441 -2.68221
7.29488 -1.57209 -2.67018
7.6891 -1.58224 -2.65473
9.8943 -1.84701 -3.01702
9.94584 -1.50048 -2.26449
-0.602347 1.07119 2.28451
-0.578415 1.06159 2.26606
-0.601655 1.06292 2.26673
-0.737441 1.08995 2.31219
-0.801692 1.10039 2.32863
-0.832248 1.103 2.33135
-0.856746 1.10415 2.33152
-0.850045 1.09819 2.31929
-0.854706 1.09482 2.31158
2.23995 -1.16377 -2.26815
4.70109 0.971549 2.57203
1.27336 -1.40948 -2.88988
2.75023 -1.44701 -2.83186
3.57563 -1.46334 -2.7894
4.38017 -1.48007 -2.74978
5.53229 -1.5129 -2.71219
6.29515 -1.53244 -2.68256
7.33812 -1.57324 -2.67243
8.39688 -1.63885 -2.71439
9.6721 -1.80052 -2.9433
9.94745 -1.4984 -2.26528
12.9874 -2.05201 -3.17404
-0.5805 1.06082 2.26756
-0.625857 1.06721 2.27708
-0.688663 1.07747 2.29332
-1.33863 -1.12347 -2.51841
-0.780082 1.08979 2.31131
-0.84965 1.1012 2.32939
-0.85545 1.09808 2.3221
-0.866988 1.09624 2.31704
4.06674 0.866988 2.28666
-9.1972 -1.17335 -3.36585
1.39301 -1.42072 -2.88471
2.82975 -1.45664 -2.8282
3.70981 -1.47489 -2.78553
4.39926 -1.48695 -2.7473
6.56623 -1.56639 -2.71632
6.31043 -1.53867 -2.68058
7.03145 -1.56045 -2.66028
7.6599 -1.58369 -2.65174
-7.16261 -1.49217 -3.83422
9.95956 -1.50256 -2.26348
12.055 -1.93185 -2.99074
-0.562462 1.05851 2.25931
-0.598436 1.06278 2.26513
-0.696185 1.08108 2.29535
-0.73987 1.08683 2.30364
-0.781087 1.09191 2.31072
-0.841444 1.10124 2.32515
-0.881118 1.10579 2.33123
-0.880483 1.10115 2.32133
-10.9299 -1.38037 -3.94456
-8.32132 -1.16241 -3.23364
1.40799 -1.42125 -2.88439
2.37107 -1.44122 -2.83464
3.56081 -1.47191 -2.78611
4.44801 -1.49273 -2.74547
5.08611 -1.5045 -2.70937
6.25251 -1.54202 -2.67774
7.35425 -1.58689 -2.66813
7.51248 -1.58149 -2.6413
9.67546 -1.81628 -2.93746
9.89286 -1.51137 -2.26174
12.8055 -2.04452 -3.12651
12.9602 -2.04765 -3.11836
-0.665721 1.08132 2.29055
-0.748675 1.09631 2.31475
-0.801857 1.10426 2.32671
-0.842414 1.10919 2.33341
-0.854068 1.1074 2.32845
-0.856596 1.10352 2.31986
-0.859517 1.09974 2.31146
-9.48572 -1.21385 -3.48692
-6.49115 -0.821548 -2.35637
1.87346 -1.43108 -2.87775
2.63694 -1.4439 -2.83313
4.03489 -1.48258 -2.78418
4.46747 -1.48504 -2.74854
5.50923 -1.51362 -2.71155
6.54613 -1.54668 -2.68467
6.94776 -1.55258 -2.65939
8.55161 -1.65708 -2.73282
9.75873 -1.8202 -2.97017
9.86597 -1.49939 -2.26853
-3.99659 -1.12841 -2.78092
-0.7021 1.09146 2.31567
-0.638746 1.0726 2.281
-0.789482 1.10313 2.33256
-0.801591 1.10154 2.32798
-0.800994 1.09702 2.3183
1.19713 -1.17248 -2.38437
-0.87826 1.10575 2.32979
-0.928235 1.11263 2.33991
-9.97376 -1.25722 -3.6243
-6.68775 -0.815547 -2.36128
1.40843 -1.39801 -2.89314
2.9608 -1.42602 -2.83978
3.57116 -1.42944 -2.80222
4.46153 -1.44235 -2.76472
5.97532 -1.47913 -2.73333
6.26447 -1.47531 -2.70367
-6.15558 -1.08151 -2.7602
-6.00507 -1.33848 -3.31009
9.65372 -1.71426 -2.97528
9.87101 -1.41254 -2.30058
13.0873 -1.9544 -3.24621
-0.730326 1.0718 2.34084
-0.694905 1.0597 2.31704
-0.800323 1.07877 2.35089
-0.856112 1.08674 2.36419
-0.796091 1.06916 2.33024
2.41097 -1.19178 -2.36898
-0.85923 1.07414 2.33645
-9.4889 -1.30562 -3.49536
-6.50119 -0.888674 -2.36473
-6.1814 -1.11551 -2.83633
1.4078 -1.43146 -2.88055
3.23927 -1.48731 -2.81695
3.6489 -1.48909 -2.77991
4.8039 -1.52302 -2.73704
6.2137 -1.57306 -2.70309
7.77912 1.86309 4.77208
7.14056 -1.59302 -2.65321
8.71512 -1.70877 -2.7428
11.8261 -2.37093 -3.84311
9.87359 -1.53396 -2.25495
12.0607 -1.97411 -2.97445
-0.720621 1.10819 2.3168
-0.76568 1.11453 2.32581
-0.848843 1.12981 2.35008
-0.898237 1.13706 2.36059
-0.9166 1.13683 2.35828
-0.950052 1.1406 2.36297
-9.74136 -1.26867 -3.64523
-6.59797 -0.840696 -2.42028
-6.19368 -1.08686 -2.9043
-4.78536 -0.980032 -2.53637
1.74214 -1.33933 -2.913
2.55632 -1.3419 -2.87175
4.18943 -1.36479 -2.82973
4.32063 -1.35395 -2.79727
6.09884 -1.38747 -2.77123
6.95806 -1.40283 -2.75673
7.02837 -1.39114 -2.72583
7.62866 -1.40378 -2.72008
9.7 -1.5987 -3.04741
-1.43367 -1.16233 -2.69075
13.2572 -1.82237 -3.3547
-0.825816 1.04375 2.40644
1.40248 -1.1658 -2.53449
-0.844151 1.03906 2.39461
-0.893971 1.04519 2.4058
3.98049 0.86762 2.28056
-8.99993 -1.29917 -3.44279
-6.36459 -0.925838 -2.43358
-5.88342 -1.10758 -2.82274
-4.48816 -1.01308 -2.52512
-3.50527 -0.991403 -2.41848
1.91444 -1.44923 -2.87071
3.23919 -1.48477 -2.81791
3.52893 -1.48131 -2.78244
4.33096 -1.49896 -2.74225
5.54116 -1.5359 -2.70355
6.53109 -1.56802 -2.67596
6.81633 -1.56781 -2.64784
9.49276 -1.81625 -2.91752
15.9027 -3.29965 -5.45608
25.0684 -6.05152 -10.4298
13.3609 -2.14382 -3.24018
1.73845 -1.2791 -2.52531
-0.750659 1.10889 2.3208
3.70768 -1.32422 -2.43042
-10.6965 -1.44745 -4.09022
-8.04066 -1.19112 -3.28646
-16.6717 -3.20591 -8.41618
-4.94245 -1.03744 -2.65853
-3.99996 -1.01418 -2.51756
-2.89276 -1.01782 -2.41789
-2.00347 -1.02639 -2.34989
1.38566 -1.41325 -2.88757
2.61776 -1.44288 -2.83354
3.52817 -1.46284 -2.78943
4.24411 -1.47644 -2.75022
5.02305 -1.49366 -2.71279
7.19283 -1.58359 -2.69906
7.74502 -1.60445 -2.69118
8.96126 -1.70846 -2.79913
9.07688 -1.70656 -2.78396
-16.8543 5.76046 10.8427
12.5231 -1.99326 -3.07252
-5.94673 -1.20559 -3.14165
-0.751558 1.09849 2.32667
3.86331 0.855109 2.24346
-8.87347 -1.2523 -3.52264
1.84339 0.52589 1.33979
-5.62393 -1.0809 -2.84172
-4.41496 -1.01935 -2.59316
-3.48755 -1.01052 -2.48533
-2.26673 -1.02304 -2.39544
-1.35117 -1.03403 -2.33148
2.21919 -1.44997 -2.86919
2.55777 -1.44791 -2.83173
3.48634 0.920624 2.34418
4.31848 -1.48814 -2.74627
5.51026 -1.52426 -2.70751
5.57881 -1.51235 -2.67525
6.94948 -1.56504 -2.65464
8.37064 -1.65292 -2.70462
9.06998 -1.71842 -2.77701
-16.8347 5.78954 10.8148
13.1222 -2.09616 -3.19258
13.3417 -2.10918 -3.19911
-0.731802 1.09918 2.31591
3.48628 0.79446 2.0733
-9.32838 -1.28967 -3.6519
-6.30975 -0.907676 -2.53719
-5.85709 -1.10209 -2.91042
-4.56452 -1.02096 -2.61009
-3.60329 -1.00976 -2.49223
-2.54292 -1.01772 -2.40584
-1.65505 -1.02778 -2.34081
1.9147 -1.39198 -2.89226
2.75394 -1.40396 -2.84811
3.76547 -1.42311 -2.80537
4.3861 -1.43019 -2.76877
5.01844 -1.43844 -2.7338
5.70446 -1.44984 -2.70128
7.87914 -1.5444 -2.72785
9.06716 -1.6463 -2.85385
9.63261 -1.71791 -2.96511
9.98769 -1.42812 -2.29215
-0.0711116 -1.19235 -2.61662
-0.734349 1.06864 2.34462
-0.769354 1.07225 2.34968
-0.845563 1.085 2.37155
-0.861318 1.08413 2.36829
-9.26265 -1.27966 -3.58497
-6.48729 -0.883514 -2.47202
-7.23543 -1.29129 -3.43993
-4.83256 -1.00932 -2.61175
-3.70089 -0.987971 -2.46901
-2.79577 -0.986539 -2.38955
2.67717 -1.44989 -2.86826
2.75459 -1.43812 -2.83522
4.95596 1.08629 2.87703
4.57403 -1.47958 -2.75147
5.69666 -1.51222 -2.71519
5.7114 -1.49807 -2.68293
7.3994 -1.56982 -2.67776
3.25796 0.761759 2.00727
10.3643 -1.94104 -3.20309
10.0947 -1.49806 -2.26348
12.8746 -2.02827 -3.15298
-5.945 -1.19805 -3.14445
-0.646505 1.06295 2.29006
-0.732492 1.07844 2.31559
-0.804476 1.09058 2.33517
-0.861954 1.09931 2.3487
-9.52293 -1.26251 -3.6273
-6.55721 -0.852575 -2.45013
-7.70648 -1.34205 -3.62684
-4.93455 -0.990325 -2.59506
-3.9505 -0.969399 -2.4553
1.73984 -1.43256 -2.87792
2.637 -1.44756 -2.83175
3.63656 -1.4678 -2.78793
4.67809 -1.49149 -2.74785
5.38353 -1.5041 -2.71333
7.2092 -1.57386 -2.70379
7.70415 -1.58922 -2.69355
9.08333 -1.70934 -2.83127
9.89085 -1.83126 -3.02282
9.82916 -1.48662 -2.28731
-0.548083 1.05285 2.26535
-1.30598 -1.1823 -2.60603
-0.562226 1.04812 2.25395
-0.623135 1.05789 2.26962
-0.65307 1.06054 2.2727
2.03984 -1.22083 -2.39651
3.72236 0.828577 2.15634
-9.53998 -1.29477 -3.56727
-6.5996 -0.874478 -2.40681
-6.5379 -1.16347 -3.02269
-4.88704 -1.00615 -2.54024
1.43111 -1.38671 -2.89722
3.21442 -1.42184 -2.84163
3.64584 -1.42026 -2.80597
4.94019 -1.4466 -2.76748
5.72943 -1.45906 -2.73608
6.10261 1.53079 3.88316
-5.51336 -1.28085 -3.18185
3.33983 0.787929 2.03937
-7.3428 3.00322 6.12632
9.81518 -1.40628 -2.31495
-0.467945 1.01021 2.24536
-0.416286 0.995213 2.21616
-0.463001 1.00166 2.22689
-0.644438 1.03707 2.29142
-0.695042 1.04396 2.30283
-0.657413 1.03182 2.27888
4.18294 0.916626 2.38599
-8.5953 -1.23113 -3.30214
-6.36956 -0.927914 -2.46764
-5.8268 -1.08258 -2.76813
-4.65222 -1.00456 -2.50851
1.91444 -1.44832 -2.87105
2.54555 -1.4576 -2.82809
4.06056 -1.50392 -2.77624
5.0061 -1.52947 -2.73669
5.75608 -1.54837 -2.70245
6.9865 -1.59668 -2.68312
7.03475 -1.58401 -2.6513
8.31552 -1.66299 -2.69236
9.65714 -1.83339 -2.92228
-3.2369 -1.15381 -2.75526
-0.342204 1.02278 2.17315
-0.380965 1.02816 2.18076
-0.432925 1.03648 2.19333
-0.53538 1.05629 2.22537
-0.532945 1.05181 2.21606
-0.579347 1.05845 2.2256
-0.65401 1.07136 2.24572
-10.278 -1.31672 -3.8026
-8.17026 -1.13066 -3.19637
-11.178 -1.98819 -5.32369
-5.18755 -0.989654 -2.5992
1.86378 -1.43461 -2.87647
3.2388 -1.47301 -2.82235
3.50376 -1.46891 -2.78706
4.81284 -1.50871 -2.74256
6.02673 -1.54866 -2.70788
6.36976 -1.55053 -2.6777
7.74717 -1.61794 -2.68606
3.17782 0.746488 1.97046
9.89865 -1.86687 -3.00971
10.101 -1.526 -2.2525
-0.333929 1.00461 2.1783
-0.436727 1.02467 2.21143
-0.47756 1.03029 2.2195
-0.48578 1.02837 2.21452
-0.511865 1.03047 2.21647
-0.576287 1.04112 2.23307
-0.655383 1.0549 2.25497
4.30142 0.898921 2.4121
-9.33595 -1.20362 -3.49406
-6.3921 -0.831001 -2.3948
-6.41335 -1.08692 -2.95025
1.43023 -1.43486 -2.8791
2.8301 -1.4732 -2.82195
4.02643 -1.50682 -2.77495
4.86604 -1.52758 -2.73592
6.49811 -1.5892 -2.70526
6.17702 -1.55758 -2.66984
8.39592 -1.69183 -2.73545
8.76277 -1.7157 -2.74987
9.07409 -1.73928 -2.76916
9.94269 -1.53588 -2.25076
-3.16932 -1.14455 -2.71753
-0.4232 1.03937 2.19677
-0.476189 1.04789 2.20964
-0.520947 1.05437 2.21897
-0.533703 1.05338 2.21562
-0.559272 1.05529 2.21713
-0.630498 1.06746 2.23596
4.45476 0.940712 2.47017
-9.41532 -1.22587 -3.50896
-6.46813 -0.834858 -2.38593
-6.75074 -1.14919 -3.08209
1.40104 -1.39295 -2.8951
2.54226 -1.4164 -2.84365
4.3327 -1.46652 -2.79215
4.84008 -1.47135 -2.75703
5.00797 -1.46328 -2.72421
6.39385 -1.507 -2.69514
7.05548 -1.5251 -2.67519
8.30373 -1.59587 -2.71781
1.72337 0.557372 1.40761
11.7247 -2.04121 -3.38542
13.2829 -2.04827 -3.26047
-5.94629 -1.20367 -3.14236
-0.434864 1.01115 2.20749
-0.50054 1.02201 2.22537
-0.53023 1.02477 2.22874
-0.633683 1.04362 2.26074
-0.640194 1.04106 2.25454
-0.615193 1.03168 2.23624
5.55988 1.10201 2.94675
-8.70311 -1.15092 -3.27519
-6.40131 -0.8331 -2.37135
2.27349 -1.46245 -2.86432
2.44469 -1.45414 -2.82959
4.35307 -1.51643 -2.77339
4.39087 -1.50308 -2.74111
6.14271 -1.56687 -2.70366
4.52948 1.00255 2.62709
7.5946 -1.61967 -2.67247
8.43212 -1.67407 -2.70563
9.31362 -1.77129 -2.82595
-5.05747 -1.1684 -2.96316
-0.379432 1.02623 2.19075
-0.29789 1.00369 2.15068
-0.418762 1.02794 2.1905
-0.455747 1.03268 2.19697
-0.49815 1.03856 2.20532
-0.63191 1.06507 2.2487
-0.641371 1.06314 2.24365
-0.654165 1.06196 2.23984
-0.34337 -1.10414 -2.35821
-9.97504 -1.25107 -3.62761
-56.3727 -9.43307 -25.7147
1.40787 -1.42732 -2.88211
2.82993 -1.46534 -2.82491
3.78325 -1.48815 -2.78082
4.74166 -1.51285 -2.74031
6.14199 -1.56062 -2.70603
6.3705 -1.55668 -2.67536
7.40388 -1.59958 -2.66644
7.77013 -1.60912 -2.65115
1.8448 0.528983 1.34016
10.0882 -1.52789 -2.25193
12.7367 -2.04827 -3.10588
-0.387764 1.02626 2.18526
-0.447701 1.03635 2.20098
-0.481659 1.04033 2.2062
-0.513195 1.04368 2.21027
-0.650382 1.07088 2.25503
-0.654318 1.06767 2.24779
-0.659228 1.06469 2.24094
-0.720442 1.07423 2.25535
5.73588 1.13115 3.00553
-8.68737 -1.13107 -3.23199
2.70891 -1.32569 -2.91499
2.34181 -1.30796 -2.88502
3.56357 -1.30868 -2.84793
5.38689 -1.3217 -2.8206
6.10871 -1.32132 -2.79679
6.37017 -1.31302 -2.769
6.99711 -1.31504 -2.75383
8.69575 -1.3884 -2.87209
9.82205 -1.51712 -3.13846
9.97704 -1.1971 -2.38241
12.8116 -1.6317 -3.31251
-0.443207 0.924615 2.26681
-0.485438 0.929156 2.27613
-0.464326 0.921613 2.25909
-0.482866 0.921577 2.25842
-0.641618 0.947666 2.31462
-0.172354 -1.08343 -2.43783
-0.680943 0.94738 2.3127
-0.757037 0.957528 2.33411
0.394007 -1.04609 -2.3322
-9.97519 -1.405 -3.50385
2.07692 -1.45623 -2.86735
2.9629 -1.4757 -2.82102
3.54614 -1.48423 -2.78139
4.38665 -1.50421 -2.74065
5.79125 -1.55138 -2.70196
6.69452 -1.58147 -2.67654
7.03492 -1.58524 -2.65083
8.77642 -1.71434 -2.75337
-8.00029 -1.30143 -3.53639
1.95356 0.55683 1.41105
-0.400144 1.03504 2.19697
-0.434422 1.03929 2.20263
-0.476397 1.04523 2.21113
-0.464833 1.03874 2.19845
-0.47721 1.03777 2.19515
-0.622239 1.0669 2.24286
-0.634691 1.06566 2.239
-0.626167 1.05969 2.22712
-0.678043 1.06724 2.23805
-0.792082 1.0885 2.27206
4.25926 0.894724 2.3598
1.36298 -1.42309 -2.88405
2.6598 -1.4572 -2.82809
4.18799 -1.50427 -2.77687
4.72784 -1.51232 -2.74038
5.30212 -1.52255 -2.70517
6.37955 -1.55849 -2.67493
7.69842 -1.62215 -2.68008
8.58266 -1.6851 -2.72692
9.90079 -1.87666 -3.00611
9.87185 -1.52609 -2.25804
12.5726 -2.03028 -3.06934
-0.351774 1.01674 2.17163
-4.20777 -1.09549 -2.7366
-0.484877 1.03992 2.20805
-0.556457 1.05241 2.22768
-0.597207 1.05771 2.23499
-0.634974 1.06224 2.24092
-0.625302 1.05603 2.22859
-0.674313 1.06291 2.23846
-0.77944 1.08212 2.26914
-0.841595 1.09162 2.2833
2.28706 -1.46415 -2.86363
3.23242 -1.48652 -2.81724
4.18839 -1.51101 -2.77432
4.3235 -1.50173 -2.74114
5.71252 -1.54811 -2.70176
6.76496 -1.5859 -2.67756
6.87132 -1.57642 -2.64679
8.30152 -1.66357 -2.69011
9.90269 -1.88531 -3.00292
9.84855 -1.53439 -2.26131
13.2795 -2.14345 -3.21666
-0.345273 1.02154 2.16578
-0.418243 1.03476 2.18668
-0.423891 1.03233 2.18094
-0.456996 1.03615 2.18578
-0.621142 1.06969 2.24085
-0.664331 1.07543 2.24879
-0.623665 1.06217 2.22459
-0.674874 1.06958 2.23527
-0.79535 1.09231 2.27169
-0.827971 1.09526 2.27472
1.70601 -1.43656 -2.87661
2.59183 -1.45579 -2.82871
3.78003 -1.48906 -2.78046
4.5227 -1.50559 -2.74117
5.6439 -1.54062 -2.70343
7.11018 -1.60197 -2.68735
7.37967 -1.60341 -2.66333
4.52068 0.990395 2.60278
-9.45352 -1.41093 -3.9439
-6.5149 -0.962465 -2.68819
-0.287011 1.00618 2.15312
-0.369775 1.02181 2.17828
-0.426972 1.03135 2.19294
-0.478405 1.03941 2.20502
-0.523671 1.04592 2.21441
-0.543444 1.04653 2.21373
-0.574964 1.04973 2.21742
-0.572788 1.04531 2.20818
-0.620429 1.05198 2.21765
-0.774454 1.08212 2.26669
-0.841496 1.09273 2.28267
1.67599 -1.4248 -2.88122
3.64031 -1.48346 -2.81953
4.11677 -1.48759 -2.78275
4.0586 -1.47047 -2.75135
5.53934 -1.51736 -2.7106
6.92079 -1.56943 -2.69057
6.99496 -1.55827 -2.65937
8.15855 -1.62287 -2.68727
11.4237 -2.22341 -3.67094
9.86698 -1.50398 -2.26673
-0.261932 0.990467 2.1483
-0.298494 0.995346 2.15533
-0.360697 1.00593 2.17221
-0.360204 1.00224 2.16429
-0.397925 1.00709 2.17115
-0.6202 1.05303 2.24903
-0.639631 1.05335 2.24787
-0.598035 1.04015 2.22335
0.525509 -1.12194 -2.33757
-0.698173 1.05409 2.24385
4.01618 0.851826 2.25918
1.67404 -1.44101 -2.87513
2.55793 -1.45969 -2.82728
3.7774 -1.49365 -2.77871
4.74042 -1.5193 -2.73785
5.12901 -1.52125 -2.70348
6.53169 -1.57278 -2.67415
3.18342 0.76433 1.97031
7.97797 -1.63423 -2.66163
9.78607 -1.86012 -2.96339
9.8616 -1.56009 -2.31706
12.1843 -1.98514 -2.99185
-0.276222 1.00465 2.13905
-0.359628 1.02033 2.16418
-0.398096 1.0255 2.17139
-0.416525 1.02602 2.17066
-0.494198 1.03988 2.19248
-0.6424 -1.12414 -2.43004
-0.503864 1.03442 2.17988
-0.547174 1.04021 2.18792
-0.678415 1.06531 2.22836
-7.77084 -0.774285 -2.39175
1.87006 -1.44442 -2.87274
3.17087 -1.48103 -2.81921
3.98893 -1.50018 -2.77726
4.5417 -1.50896 -2.74004
5.84624 -1.55316 -2.70235
6.24228 -1.55751 -2.67152
8.5386 -1.70506 -2.75429
8.273 -1.66104 -2.68711
15.9088 -3.31608 -5.45135
8.74505 2.05197 5.29769
13.2802 -2.14571 -3.21585
-0.246532 0.995551 2.12855
-0.307065 1.00602 2.1448
-2.83141 -1.09778 -2.60806
-0.393707 1.01865 2.16301
-0.50706 1.04064 2.19853
-0.564928 1.04985 2.21235
-0.574961 1.04818 2.20777
-0.623488 1.05506 2.21755
-0.719423 1.07233 2.24476
1.8434 0.527185 1.33909
1.74213 -1.42848 -2.87944
3.37047 -1.47596 -2.82152
3.5748 -1.46931 -2.78714
4.88035 -1.50859 -2.74329
6.50265 -1.56876 -2.71325
6.48665 -1.55275 -2.6804
5.5828 1.19259 3.13417
8.17454 -1.63228 -2.68552
10.4018 -1.97608 -3.20594
12.3192 -1.99845 -3.06562
12.9946 -2.07575 -3.16546
-0.257635 0.994702 2.13469
-0.31694 1.00476 2.15049
-0.373931 1.01414 2.16505
-0.388623 1.01384 2.16296
-0.459556 1.02608 2.18232
-0.552063 1.04296 2.20952
-0.484683 1.02419 2.17578
-0.549293 1.03462 2.19186
3.95582 0.850506 2.23869
-9.10986 -1.15107 -3.34937
1.40795 -1.4235 -2.88355
2.62317 -1.45492 -2.82899
3.61431 -1.47996 -2.78324
4.26568 -1.49229 -2.74434
6.3457 -1.57227 -2.70704
6.7731 -1.57978 -2.68025
7.4043 -1.60238 -2.66537
8.22552 -1.65004 -2.68506
-6.41463 -0.978023 -2.7141
-47.0506 -10.1142 -26.3463
-0.218832 0.992305 2.12506
-0.221593 0.98956 2.1189
-0.280551 0.999658 2.13461
-0.305118 1.00178 2.13668
-0.374545 1.01397 2.15582
-1.17312 -1.11471 -2.48126
-0.535387 1.04276 2.20133
-0.495657 1.03006 2.17812
-0.550087 1.03831 2.19033
-0.672617 1.06143 2.22755
-10.1143 -1.23272 -3.63025
1.86792 -1.44893 -2.87106
2.68032 -1.46522 -2.82504
3.36753 -1.47771 -2.78336
4.35225 -1.5036 -2.74064
6.05678 -1.56512 -2.70227
6.22629 -1.55826 -2.67082
6.84727 -1.57562 -2.64609
8.4849 -1.68248 -2.71086
9.6859 -1.84156 -2.93014
9.84864 -1.53482 -2.26114
-0.202022 0.991313 2.11689
-0.216392 0.991259 2.11535
-0.285329 1.00368 2.13495
-0.367391 1.01893 2.15924
-0.39756 1.02216 2.16312
-0.453723 1.03118 2.17675
-0.528383 1.04422 2.19708
0.35811 -1.14259 -2.36906
-0.548051 1.04088 2.188
-0.647331 1.05892 2.21654
-9.61253 -1.20073 -3.48315
2.00492 -1.33766 -2.91229
2.88542 -1.34175 -2.87157
3.64247 -1.34445 -2.83466
4.36785 -1.34738 -2.80011
6.47338 -1.39098 -2.7805
6.75639 -1.38652 -2.75412
7.37346 -1.39717 -2.74347
3.24706 0.766515 1.99865
9.62425 -1.57594 -3.02654
1.52326 0.601015 1.51979
-4.51503 -1.14245 -2.83452
-0.245425 0.925123 2.16463
-0.272202 0.927266 2.16804
-0.335312 0.936575 2.18586
-0.399188 0.945881 2.20363
-0.438122 0.950107 2.21114
-0.499012 0.958541 2.22706
-0.440541 0.943618 2.19606
-0.488021 0.949286 2.2064
-10.2747 -1.36455 -3.67338
-8.23462 -1.16722 -3.1033
1.88737 -1.44915 -2.87087
2.60551 -1.46158 -2.8265
3.61461 -1.48678 -2.78066
5.01213 -1.53067 -2.7363
5.75616 -1.5491 -2.70218
6.35952 -1.56314 -2.67256
6.85303 -1.57398 -2.64697
8.50897 -1.68254 -2.71492
9.90211 -1.88265 -3.0039
11.9589 -1.98223 -3.01318
12.8907 -2.08187 -3.13355
-0.213835 0.988205 2.11563
-0.24054 0.990936 2.11882
-0.318144 1.00517 2.14149
-0.350732 1.00901 2.14646
-0.44569 1.02681 2.17501
-0.542814 1.04487 2.20393
-0.468619 1.02446 2.16776
-0.499443 1.02753 2.17125
-10.1003 -1.26544 -3.6621
-8.15762 -1.10194 -3.12205
1.43314 -1.42961 -2.88106
2.55789 -1.45709 -2.82826
4.40467 -1.51717 -2.77349
4.46575 -1.5048 -2.74102
6.072 -1.56195 -2.70384
6.46792 -1.56658 -2.67448
8.08254 -1.65631 -2.70606
8.17729 -1.64825 -2.67946
56.6989 -15.1562 -26.7203
10.053 -1.53421 -2.24991
-0.154823 0.976366 2.10034
-0.123423 0.965899 2.0811
-0.169659 0.97321 2.09213
-0.228591 0.98327 2.10778
-0.252944 0.985386 2.10988
-0.465904 1.02978 2.18357
-0.515405 1.03711 2.19433
-0.430064 1.01433 2.15414
-0.462039 1.01771 2.15817
2.23892 0.597019 1.52742
-8.23326 -1.09815 -3.13144
1.40762 -1.44065 -2.87709
3.00747 -1.48737 -2.81664
3.54655 -1.49428 -2.77759
4.24952 -1.50865 -2.73801
5.71651 -1.55868 -2.6978
6.61807 -1.58846 -2.67106
7.80363 -1.64817 -2.67935
8.29203 -1.67367 -2.68468
9.08547 -1.75017 -2.76756
10.0228 -1.54739 -2.24516
13.2839 -2.15758 -3.21158
-0.167113 0.983034 2.09445
-0.197619 0.986736 2.09924
-0.237144 0.99241 2.10732
-0.260124 0.994221 2.10886
-0.453465 1.03452 2.17488
-0.56216 1.05534 2.20812
-0.503564 1.03823 2.17775
-0.546866 1.04406 2.18576
63.5884 9.94121 27.397
-8.44092 -1.11552 -3.1697
2.10909 -1.45443 -2.8679
2.41073 -1.45129 -2.83074
3.80304 -1.4929 -2.7791
4.11463 -1.49111 -2.74384
5.39542 -1.53237 -2.70271
6.41052 -1.56634 -2.67282
7.85448 -1.64122 -2.68703
8.18843 -1.6532 -2.67891
-6.41498 -0.979432 -2.71356
12.0565 -1.99167 -3.01155
-0.186225 0.985168 2.11194
-0.193194 0.983443 2.10755
-0.249781 0.993065 2.1224
-2.71496 -1.10201 -2.60196
-0.309948 0.999848 2.13081
-0.425566 1.02238 2.16728
-0.511104 1.0379 2.19179
-0.490938 1.02957 2.17605
-0.548241 1.0385 2.18933
-0.595093 1.04496 2.19841
-10.1799 -1.23931 -3.64871
1.39445 -1.4239 -2.8835
3.03431 -1.472 -2.82247
4.06029 -1.49917 -2.77804
4.81344 -1.51642 -2.73964
6.33687 -1.57225 -2.70679
6.4176 -1.56118 -2.67502
7.40435 -1.60271 -2.66525
7.88217 -1.62115 -2.65694
10.4875 -2.01236 -3.23417
12.0726 -1.98489 -3.01677
13.183 -2.12165 -3.19859
-0.213992 0.985955 2.11688
-0.274985 0.996517 2.13341
-0.330247 1.00562 2.14737
-0.340107 1.00431 2.14358
-0.546636 1.04727 2.21495
-0.60259 1.05597 2.22797
-0.528885 1.03555 2.19161
1.16229 -1.14949 -2.31901
-0.663305 1.05746 2.22508
2.07881 0.568887 1.453
1.98211 -1.45249 -2.86916
2.63724 -1.46285 -2.82598
3.51192 -1.48298 -2.78176
4.87451 -1.52557 -2.73677
6.26673 -1.57514 -2.70371
7.12304 -1.60692 -2.68612
7.34477 -1.6052 -2.66038
8.89616 -1.73091 -2.77362
1.31494 0.685277 1.61755
10.0908 -1.53965 -2.2473
12.3408 -2.00723 -3.01913
-0.22842 0.993503 2.12034
-0.274684 1.00071 2.13108
-0.279927 0.998435 2.12572
-0.309129 1.00158 2.1295
-0.465628 1.03335 2.18158
-0.536804 1.04559 2.20056
-0.471695 1.02719 2.16785
-0.507121 1.03128 2.17303
5.01605 1.01778 2.6943
-8.97834 -1.14749 -3.31101
2.14864 -1.46922 -2.86219
3.09164 -1.49131 -2.81523
4.02687 -1.51478 -2.77194
4.39885 -1.51548 -2.73646
6.14418 -1.57965 -2.6988
6.178 -1.56603 -2.66662
7.40694 -1.62 -2.65867
8.44055 -1.6886 -2.70107
1.84481 0.531297 1.33894
1.8434 0.530596 1.33732
0.125553 0.918503 1.98711
-0.0116581 0.947159 2.03409
-0.0542765 0.953861 2.04403
-0.0789601 0.956363 2.04688
-0.114282 0.961201 2.0536
-0.272825 0.993619 2.10641
-0.289463 0.993901 2.10535
0.4916 -1.15502 -2.36227
-0.300452 0.98943 2.0948
5.87261 1.1587 3.06616
-8.72613 -1.13724 -3.2405
1.40791 -1.42565 -2.88274
3.09404 -1.47608 -2.82098
3.20413 -1.46566 -2.78759
4.43808 -1.50228 -2.74177
6.14249 -1.56496 -2.70438
6.44217 -1.565 -2.6743
7.68797 -1.62529 -2.67795
7.97252 -1.63132 -2.66221
9.90193 -1.88184 -3.0042
1.84339 0.526644 1.33938
13.1711 -2.12427 -3.194
-0.118425 0.964595 2.07923
-0.141166 0.96658 2.08119
-0.150696 0.965518 2.07795
-0.218855 0.9776 2.09695
-0.366177 1.00725 2.14558
-0.493698 1.03219 2.18612
-0.35286 0.997185 2.12537
-0.356326 0.994425 2.11912
-0.522089 1.02711 2.17238
-0.568425 1.03341 2.18121
2.4569 -1.48381 -2.85581
3.29339 -1.50202 -2.81151
4.50922 -1.53767 -2.76653
4.45456 -1.52023 -2.73507
5.02607 -1.52993 -2.69899
7.02089 -1.61352 -2.67828
7.6354 -1.63774 -2.66865
7.96016 -1.64643 -2.65488
10.277 -1.98311 -3.13745
9.87034 -1.57696 -2.31887
-0.369559 1.0314 2.18291
-0.423135 1.04024 2.19629
-4.74308 -1.11892 -2.797
-3.57966 -1.10113 -2.64423
-2.80035 -1.10155 -2.56797
-2.21903 -1.10202 -2.51141
-1.35763 -1.11276 -2.44883
-0.848728 -1.11389 -2.40084
-0.110658 -1.1229 -2.34682
-0.826527 1.10015 2.28304
2.44251 -1.18345 -2.22211
-12.5123 -2.11591 -5.68579
-7.8042 -1.4274 -3.76559
1.85052 0.531517 1.34489
-3.23412 -1.24668 -2.94705
-3.6202 -1.22766 -2.9427
-2.65234 -1.22716 -2.85033
-1.90809 -1.23055 -2.7874
-0.608203 -1.25326 -2.71346
0.12818 -1.26134 -2.66134
1.90859 -1.30584 -2.5888
1.16659 -1.26561 -2.57254
1.89042 -1.27563 -2.52573
4.64405 -1.36497 -2.45754
5.65275 -1.39189 -2.42009
3.51891 0.800903 2.07981
-8.97242 -1.25401 -3.50404
-6.52917 -0.880873 -2.47361
-4.93782 -1.03688 -2.65798
-4.30804 -1.0122 -2.54565
-3.56962 -1.00256 -2.45531
-1.74935 -1.02988 -2.3422
6.22 -1.63399 -2.83344
4.13034 -1.52336 -2.80688
5.47923 -1.56778 -2.76624
5.83648 -1.5695 -2.73397
7.19344 -1.62745 -2.72149
8.50881 -1.71966 -2.7865
3.06526 0.734531 1.91942
-9.87935 -1.47671 -4.11683
-7.92304 -1.29538 -3.53178
1.84341 0.522178 1.34188
-5.9778 -1.22927 -3.19452
-4.58651 -1.11717 -2.81453
-3.77357 -1.10013 -2.69626
-2.82253 -1.10259 -2.60582
-1.60451 -1.12206 -2.52491
-0.608704 -1.13891 -2.46077
0.392037 -1.15754 -2.39997
1.06751 -1.16631 -2.35075
2.68117 -1.21168 -2.28551
3.71633 -1.23844 -2.23863
4.59454 -1.26034 -2.19714
4.87165 -1.59311 -2.82435
3.34249 -1.51139 -2.80808
7.77077 -1.72608 -2.80878
5.51515 -1.57734 -2.72526
7.38395 -1.6649 -2.71914
7.41476 -1.65109 -2.68683
15.1842 -3.42528 -5.639
1.84392 0.525896 1.34059
-8.33843 -1.32688 -3.61239
-6.25665 -1.06913 -2.85536
-5.98051 -1.24105 -3.19017
-4.70208 -1.13075 -2.82658
-3.90413 -1.11055 -2.70236
-3.16877 -1.10677 -2.61922
-1.92623 -1.12535 -2.53146
-0.95074 -1.14165 -2.46618
0.382585 -1.17218 -2.39435
0.949527 -1.1775 -2.34764
2.66206 -1.22794 -2.27911
3.49561 -1.24715 -2.23446
4.27734 -1.26536 -2.19303
1.39867 -1.40499 -2.89058
-4.55263 -1.26698 -3.16082
3.78024 -1.46374 -2.79005
4.10707 -1.46191 -2.75489
-1.30166 -1.26011 -2.8357
5.92469 -1.50891 -2.68281
7.36219 -1.56914 -2.67557
1.59741 -1.30892 -2.66434
2.51847 -1.32715 -2.61576
-0.733361 1.26056 2.65724
12.5252 -2.09866 -3.32532
-5.84814 -1.18602 -3.10979
-10.2749 -1.41392 -4.02401
-8.69387 -1.2487 -3.51663
2.00195 0.572767 1.43429
-5.24297 -1.06496 -2.79083
-3.67583 -1.0295 -2.56474
-3.00561 -1.02624 -2.49372
-1.96781 -1.03741 -2.41879
0.0863142 -1.08343 -2.32203
1.46403 -1.11356 -2.25555
1.40374 -1.323 -2.92141
2.38699 -1.32352 -2.87903
3.35907 -1.32567 -2.84091
4.4495 -1.33176 -2.80665
5.76966 -1.34563 -2.78016
5.88271 -1.33426 -2.7489
6.82227 -1.34584 -2.73398
3.36935 0.793234 2.05315
9.62654 -1.53487 -3.04626
9.78045 -1.24807 -2.37707
12.4241 -1.65362 -3.19651
-0.64489 0.993006 2.33659
1.97451 -1.16488 -2.53093
-0.697322 0.995624 2.34031
-0.742498 1.00059 2.34977
-9.77024 -1.43663 -3.67913
-6.55149 -0.962506 -2.44147
-7.13141 -1.34606 -3.35301
-4.8427 -1.06043 -2.59189
-3.78164 -1.0236 -2.45979
-2.84882 -1.00817 -2.3828
1.69551 -1.36567 -2.90336
2.38738 -1.36763 -2.86238
2.94781 0.799929 2.03983
4.24633 -1.38712 -2.78417
5.22201 -1.40069 -2.75061
-3.10371 -1.2134 -2.87645
-2.152 -1.20843 -2.80285
8.27142 -1.49188 -2.75522
-0.150977 -1.2139 -2.68384
0.6989 -1.21648 -2.63387
12.2424 -1.76236 -3.10183
-0.522157 1.00268 2.26728
3.43144 -1.23717 -2.50102
-0.690772 1.03055 2.31878
-9.97673 -1.42645 -3.80563
-6.54847 -0.938764 -2.486
-8.2162 -1.54393 -3.95381
-4.81282 -1.05396 -2.6307
-3.79477 -1.02474 -2.49832
-2.67448 -1.01813 -2.40998
-1.886 -1.01509 -2.35143
1.44165 -1.42544 -2.88256
-3.10666 -1.27387 -3.00532
3.22353 -1.46329 -2.78852
4.05926 -1.4822 -2.7469
5.12826 -1.51255 -2.70679
5.57061 -1.51718 -2.67327
6.99708 -1.57352 -2.65356
3.8171 0.876862 2.26165
8.91656 -1.70429 -2.74426
12.9963 -2.65059 -4.36275
4.95803 1.0726 2.7911
2.36526 0.64565 1.62604
-6.18179 -1.21914 -3.19018
-3.85033 -1.08276 -2.67058
-3.0543 -1.08011 -2.58686
-2.1943 -1.08677 -2.51672
-1.47205 -1.09299 -2.45914
-0.562433 -1.10635 -2.39843
0.224289 -1.11695 -2.34388
1.05269 -1.13001 -2.29049
1.92572 -1.14611 -2.23922
-2.58145 -1.27724 -3.0161
2.73588 -1.3717 -2.8603
3.20107 -1.36981 -2.82387
4.02781 -1.37848 -2.78613
5.29111 -1.4018 -2.75109
5.46322 -1.3929 -2.7192
6.68997 -1.42187 -2.69936
3.62726 0.842554 2.17236
-9.9148 -1.51557 -4.05851
-8.443 -1.44139 -3.79017
-9.0891 -1.85588 -4.76539
-5.14016 -1.14847 -2.90406
-4.2332 -1.10188 -2.73671
-3.23313 -1.08552 -2.63078
-2.38078 -1.081 -2.56167
-1.49129 -1.08147 -2.50118
-0.481676 -1.08624 -2.44205
0.521217 -1.09244 -2.38657
1.49671 -1.09977 -2.33555
2.72979 -1.11569 -2.28597
3.48319 -1.12146 -2.2468
1.27404 -1.3799 -2.90102
2.76094 -1.41516 -2.84388
3.42893 -1.42436 -2.80372
4.30934 -1.44236 -2.76361
5.27715 -1.46541 -2.72664
5.43477 -1.45709 -2.69423
6.42077 -1.48493 -2.6661
7.81188 -1.54831 -2.67904
3.16365 -1.32724 -2.61551
-0.734247 1.25028 2.66317
4.74521 1.02731 2.6705
-8.66268 -1.28399 -3.58804
5.43797 1.2889 3.30442
-5.5158 -1.11313 -2.93092
-3.77655 -1.05142 -2.63919
-2.27912 -1.06267 -2.52866
-1.52479 -1.0672 -2.47049
-0.663465 -1.07611 -2.41224
0.18056 -1.08565 -2.35693
0.986598 -1.09519 -2.30504
1.61564 -1.10035 -2.25955
4.98083 1.12097 2.9047
-8.41635 -1.47201 -3.91391
-6.08134 -1.09276 -2.8822
4.35043 -1.47527 -2.75139
5.80536 -1.51986 -2.71427
-3.42527 -1.21206 -2.89615
-2.67772 -1.20891 -2.82087
8.30851 -1.62306 -2.7075
9.07428 -1.69336 -2.78892
1.83984 0.529229 1.34098
11.9725 -1.91235 -2.99565
1.70489 -1.26133 -2.53243
-0.520874 1.04399 2.23471
3.3992 -1.2915 -2.44226
5.45282 1.12704 2.96103
-8.88007 -1.24969 -3.477
1.99939 0.565682 1.43419
-5.36415 -1.05588 -2.73698
-4.42625 -1.01263 -2.55781
-3.35289 -1.00493 -2.44288
-2.41409 -1.00999 -2.36778
1.40832 -1.40395 -2.8909
2.42175 -1.42202 -2.84176
3.53315 -1.44558 -2.79599
4.57326 -1.46874 -2.75559
6.20745 -1.51956 -2.72341
6.46392 -1.51619 -2.69374
6.99062 -1.52701 -2.67129
7.65872 -1.55077 -2.66461
1.84203 0.527942 1.33989
9.83328 -1.46487 -2.28861
-0.30846 0.996474 2.1693
-0.350887 1.00246 2.1786
-0.413314 1.01279 2.19558
0.863232 -1.19745 -2.49022
-0.503942 1.02542 2.21508
-0.608136 1.04449 2.24738
4.47534 0.962631 2.51291
-8.5908 -1.19811 -3.31588
1.84349 0.527548 1.33916
-5.7436 -1.05376 -2.75437
-4.53525 -0.986102 -2.50217
2.10909 -1.45415 -2.86801
3.11966 -1.47835 -2.82016
3.63158 -1.48398 -2.78178
5.21655 -1.53599 -2.73673
5.99788 -1.55677 -2.70413
6.28225 -1.55547 -2.67337
7.54821 -1.61301 -2.67149
7.62411 -1.60244 -2.64148
12.6521 -2.58902 -4.25103
1.33914 0.67463 1.59708
12.8965 -2.07799 -3.1369
-0.311666 1.0117 2.15359
0.695363 -1.22517 -2.51872
-0.42405 1.03025 2.1821
-0.436233 1.0293 2.17887
4.66625 0.983729 2.58391
-8.71908 -1.20378 -3.39976
-6.37795 -0.864656 -2.44594
-6.19954 -1.10756 -2.94652
-4.55899 -0.993362 -2.54144
-3.87652 -0.979984 -2.44573
1.59591 -1.42856 -2.88031
2.21541 -1.43634 -2.83694
-7.75663 -1.40156 -3.72907
4.24813 -1.48609 -2.74658
5.57135 -1.52756 -2.70721
5.9248 -1.52863 -2.67526
7.3321 -1.58806 -2.66627
-2.46612 -1.19804 -2.77974
-1.63598 -1.20573 -2.71575
12.7022 -2.55755 -4.22471
12.8843 -2.06056 -3.14127
-0.209346 0.982945 2.11607
-0.27085 0.993553 2.13285
2.44726 -1.26722 -2.45178
1.91222 0.542376 1.37696
-8.13149 -1.18394 -3.29872
1.85266 0.530807 1.34637
-5.64349 -1.06766 -2.80817
-4.51327 -1.00757 -2.56974
-3.4942 -0.998994 -2.45256
-2.6758 -1.00183 -2.3793
1.86857 -1.441 -2.87404
2.74479 -1.459 -2.82734
3.47051 -1.47248 -2.78561
4.12794 -1.48412 -2.74657
6.41025 -1.57061 -2.7096
6.96262 -1.58494 -2.68652
7.05417 -1.57475 -2.65585
7.6552 -1.59744 -2.64594
9.72884 -1.83448 -2.95105
9.87011 -1.51816 -2.26116
12.1283 -1.96195 -2.99028
-0.204565 0.985894 2.11209
-0.270563 0.997566 2.13062
1.97356 -1.2519 -2.45962
-0.314146 1.00047 2.13259
-9.88493 -1.32543 -3.76954
-8.30562 -1.22974 -3.41148
-15.1191 -2.83932 -7.51439
-5.25933 -1.02715 -2.6823
-4.03332 -0.993092 -2.49031
-3.34021 -0.987761 -2.41155
1.41923 -1.42136 -2.88427
2.55777 -1.44846 -2.83152
4.43395 1.00191 2.60938
-8.66174 -1.44212 -3.91078
6.05789 -1.54984 -2.70814
6.62219 -1.56284 -2.68107
6.69674 -1.55152 -2.64951
3.68982 0.847339 2.20519
-3.00073 -1.16975 -2.77488
9.85559 -1.54175 -2.32084
-0.165849 0.97619 2.10611
-0.194324 0.9794 2.11024
-0.25286 0.989355 2.1259
-0.359623 1.01006 2.15992
-0.374849 1.0099 2.15809
-0.459619 1.02525 2.18278
-9.69567 -1.28474 -3.67378
-6.59993 -0.85486 -2.44977
-8.95788 -1.58693 -4.25035
-5.11794 -1.00243 -2.62207
-4.13568 -0.974997 -2.46753
2.28704 -1.46078 -2.86491
3.11965 -1.47793 -2.82031
3.20415 -1.46634 -2.78733
4.81207 -1.51731 -2.73929
6.06158 -1.55832 -2.70498
6.53089 -1.56646 -2.67655
-6.53289 -1.40818 -3.61301
8.4268 -1.66754 -2.70744
9.04737 -1.72444 -2.76841
10.0886 -1.52978 -2.25119
12.4914 -2.01565 -3.05422
-0.216677 0.987172 2.11762
-0.240658 0.98926 2.11975
-0.305212 1.00048 2.1374
-0.304711 0.996867 2.12974
-0.429935 1.02142 2.16995
-0.498741 1.03309 2.18815
-9.68795 -1.27051 -3.62683
-6.66906 -0.843573 -2.42075
-7.72753 -1.33821 -3.58014
-5.13247 -0.99195 -2.58767
1.40081 -1.40483 -2.89063
2.72727 -1.43042 -2.83814
4.26411 -1.46664 -2.79163
5.09083 -1.48124 -2.756
6.41102 -1.51857 -2.72957
6.55924 -1.51015 -2.69917
7.88511 -1.56885 -2.71878
8.38882 -1.59359 -2.73153
9.43758 -1.70839 -2.89577
9.93384 -1.44657 -2.28568
12.8339 -1.96223 -3.17111
-0.213298 0.962695 2.12863
-0.255686 0.96864 2.13811
-0.305284 0.976036 2.15016
0.661476 -1.18016 -2.4621
-0.465888 1.00366 2.19715
2.32647 -1.19864 -2.36655
-10.2232 -1.3685 -3.75932
-8.08293 -1.18271 -3.1806
52.7123 10.6271 27.47
-5.3624 -1.02693 -2.61987
1.40816 -1.41212 -2.88783
2.55761 -1.43653 -2.83602
4.18118 -1.48149 -2.78546
5.28345 -1.51029 -2.74739
6.27116 -1.53826 -2.71796
5.92406 -1.50759 -2.68331
8.28983 -1.6346 -2.74241
-4.98432 -1.20335 -3.01839
9.84982 -1.82339 -3.00816
10.0795 -1.48975 -2.26692
-0.155484 0.966626 2.10576
-0.23404 0.981029 2.12971
-0.898135 -1.16632 -2.56687
-0.295054 0.987837 2.13886
-0.30545 0.986679 2.13541
-0.454892 1.01604 2.18521
-0.530063 1.02881 2.20594
-10.1668 -1.32819 -3.75917
-8.16068 -1.14832 -3.18841
-9.92938 -1.76383 -4.67814
-5.30679 -1.0041 -2.61751
2.71784 -1.35127 -2.90535
2.69168 -1.33686 -2.87349
4.10881 -1.34957 -2.83499
4.37599 -1.34102 -2.80259
-7.88197 -1.44963 -3.63778
6.43472 -1.36187 -2.75217
8.19338 -1.42497 -2.81315
8.43521 -1.42724 -2.80683
17.0548 -3.31551 -6.73488
9.90224 -1.26241 -2.35792
12.4704 -1.6808 -3.19682
-0.221841 0.913241 2.15874
-0.291085 0.923711 2.17949
-0.343477 0.930698 2.19304
1.13284 -1.13143 -2.47581
-0.426105 0.939971 2.21041
5.64914 1.15707 2.9996
-8.98992 -1.31575 -3.38302
-6.38606 -0.941257 -2.39793
-6.35714 -1.17466 -2.93296
-4.6732 -1.02282 -2.50356
2.04983 -1.44072 -2.8733
2.40836 -1.43932 -2.83526
3.80236 -1.47894 -2.78438
4.53008 -1.49398 -2.74564
6.2716 -1.55685 -2.71085
6.42256 -1.54926 -2.67975
7.88924 -1.624 -2.69735
8.20164 -1.634 -2.68835
-104.082 30.5646 55.6398
-2.5319 -1.16212 -2.72126
13.1765 -2.10043 -3.20623
-0.140552 0.965031 2.09027
-0.073628 -1.19081 -2.54289
-0.313103 0.997369 2.14301
-0.367795 1.00613 2.15652
-0.415505 1.01318 2.16704
-9.8532 -1.29461 -3.72156
-8.10939 -1.14428 -3.22769
-32.5465 -6.19971 -16.4948
-5.39139 -1.01146 -2.67634
-4.22653 -0.971612 -2.4768
2.78791 -1.46616 -2.86206
2.82967 -1.45287 -2.82962
4.36896 -1.4965 -2.78105
4.83372 -1.5002 -2.74601
5.02299 -1.49301 -2.71304
7.84687 -1.62412 -2.73384
7.82279 -1.6063 -2.69773
8.42632 -1.64164 -2.71791
9.89369 -1.84422 -3.01805
9.83316 -1.499 -2.28082
12.833 -2.02799 -3.1415
-0.19263 0.973789 2.11229
-0.251232 0.983631 2.12805
-0.344718 1.00112 2.15703
-0.385393 1.00662 2.1651
-0.48351 1.02474 2.195
-10.6925 -1.4109 -3.99057
-8.1806 -1.16405 -3.22696
2.35158 0.638155 1.62551
-5.66244 -1.04338 -2.73431
-4.39312 -0.983461 -2.48791
2.28699 -1.45284 -2.8679
2.44459 -1.44401 -2.83341
3.77969 -1.482 -2.78313
4.35142 -1.49076 -2.74551
6.69764 -1.58416 -2.71433
5.92496 -1.53014 -2.67468
7.15536 -1.57954 -2.65924
8.20271 -1.64019 -2.686
56.5895 -15.0581 -26.6991
9.83685 -1.52307 -2.27344
12.8427 -2.06044 -3.12973
-0.220076 0.986998 2.11945
-0.285697 0.998567 2.1378
-0.4001 1.02104 2.17473
-0.443851 1.02727 2.18377
3.89613 0.855031 2.24256
-9.05203 -1.22314 -3.4942
-6.52314 -0.852633 -2.44966
-7.70762 -1.34613 -3.62539
-5.00387 -0.994806 -2.60474
-4.032 -0.972188 -2.4603
1.59732 -1.43402 -2.87825
2.74485 -1.46189 -2.82625
3.98729 -1.4962 -2.77876
-7.45255 -1.66705 -4.2555
6.07143 -1.55688 -2.70576
6.27396 -1.55153 -2.67465
-3.07 -1.20389 -2.84052
8.17614 -1.64156 -2.682
-1.43731 -1.21581 -2.70726
9.84128 -1.52375 -2.26858
13.2743 -2.12681 -3.22265
-0.26366 0.99874 2.13567
-0.326014 1.00952 2.15264
-0.402347 1.02332 2.17468
-9.91538 -1.35097 -3.81992
-6.67869 -0.899247 -2.54073
-13.7438 -2.60648 -6.87299
-5.27156 -1.04688 -2.7192
-4.25982 -1.00989 -2.54189
-3.15768 -1.00872 -2.43228
-2.43326 -1.01148 -2.36776
1.408 -1.42097 -2.8845
2.8071 -1.45748 -2.82788
3.52849 -1.47061 -2.78649
4.84305 -1.50926 -2.74265
-3.61942 -1.22288 -2.9445
-2.73361 -1.22136 -2.85589
7.3582 -1.58759 -2.66811
8.16413 -1.63149 -2.68451
9.75017 -1.83194 -2.96114
1.84341 0.530007 1.33762
1.81006 0.539789 1.35536
-0.423589 1.03428 2.19962
-0.476594 1.0427 2.21255
-9.73814 -1.35207 -3.81091
-6.63603 -0.904461 -2.55295
-7.36617 -1.35987 -3.59906
-5.05087 -1.05089 -2.71394
-3.94971 -1.02316 -2.54843
-3.18145 -1.01949 -2.46653
-2.09071 -1.03154 -2.38723
-1.26178 -1.04067 -2.32691
1.442 -1.40617 -2.88982
-4.47254 -1.26655 -3.14699
3.37398 -1.44681 -2.79507
4.12662 -1.46129 -2.75524
5.69135 -1.51129 -2.71545
-0.836714 -1.26006 -2.78924
7.34516 -1.56532 -2.67597
8.05722 -1.60019 -2.68407
11.5056 -2.22897 -3.71795
1.84342 0.530787 1.3372
12.5588 -1.98306 -3.08656
-10.119 -1.42149 -4.01584
-6.65308 -0.94847 -2.6652
-7.82539 -1.48546 -3.93737
-4.91788 -1.07023 -2.76449
-3.74722 -1.04585 -2.60109
-2.92985 -1.04445 -2.52082
-1.78026 -1.05863 -2.44279
-0.807892 -1.07188 -2.37953
0.0952105 -1.08451 -2.32147
0.826348 -1.0929 -2.2705
1.91457 -1.42103 -2.88132
2.46419 -1.42645 -2.84
-3.76073 -1.23628 -3.02911
4.26411 -1.46696 -2.75395
5.69148 -1.51258 -2.71496
5.68152 -1.49726 -2.68273
7.0542 -1.5504 -2.66531
3.1774 0.759294 1.96344
9.44127 -1.75433 -2.87657
1.82069 0.537072 1.35109
3.36733 -1.32841 -2.54043
-7.64774 -0.892063 -2.65879
-7.99258 -1.21838 -3.39892
-24.8115 -4.98152 -13.1742
-5.39025 -1.08645 -2.86189
-3.87143 -1.03916 -2.61279
-3.23043 -1.03337 -2.53838
-1.85336 -1.05256 -2.44698
-0.893043 -1.06606 -2.38349
0.028145 -1.07983 -2.32439
0.96526 -1.09548 -2.26781
1.98218 -1.42588 -2.87918
2.60659 -1.43326 -2.83719
3.4423 -1.44932 -2.7943
4.35005 -1.46947 -2.75359
5.43847 -1.49888 -2.71611
5.96119 -1.50666 -2.68443
7.15129 -1.55114 -2.67006
8.17221 -1.60676 -2.69548
10.2609 -1.91289 -3.16296
9.8296 -1.48865 -2.28651
10.3824 -1.53409 -2.33337
-7.66477 -0.921629 -2.68515
-8.12879 -1.23647 -3.40835
-37.3307 -7.64972 -19.9727
-5.37116 -1.09741 -2.85203
-4.00027 -1.04856 -2.61927
-3.23182 -1.04248 -2.53482
-2.13606 -1.05234 -2.45442
-0.953441 -1.07012 -2.38308
-0.0217092 -1.0828 -2.32402
0.774188 -1.09258 -2.27128
1.38637 -1.37727 -2.90111
2.42149 -1.39443 -2.85218
3.34992 -1.4101 -2.80891
4.78645 -1.44541 -2.76637
5.52366 -1.45826 -2.73291
6.46373 -1.48216 -2.70682
7.391 -1.51387 -2.69906
8.19887 -1.55412 -2.72012
9.72984 -1.73742 -2.9961
1.52354 0.617609 1.51097
-2.30149 1.54888 3.24462
-0.434032 1.01191 2.21667
-10.8407 -1.5209 -4.24301
-8.0317 -1.24396 -3.39659
-17.8884 -3.53308 -9.2726
-5.12602 -1.06761 -2.76398
-4.15522 -1.03077 -2.60133
-3.16337 -1.02331 -2.50171
-2.27341 -1.02544 -2.43181
-1.2454 -1.03469 -2.36604
-0.481682 -1.03926 -2.31208
-9.39038 -1.58546 -4.25846
-6.40951 -1.10137 -2.93829
3.61419 -1.47727 -2.78426
4.39455 -1.49365 -2.74472
5.2321 -1.51372 -2.70762
6.72096 -1.56853 -2.68253
7.17962 -1.57887 -2.66083
8.22139 -1.63864 -2.6891
9.76217 -1.83615 -2.96427
1.82931 0.533932 1.34646
12.0462 -1.94722 -2.98354
-0.351745 1.01713 2.17141
-0.418696 1.02881 2.19001
10.0978 1.90102 5.06042
-8.42506 -1.22592 -3.39728
5.64818 1.32944 3.41276
-5.62586 -1.08967 -2.83837
-4.38579 -1.0274 -2.58667
-3.5647 -1.01743 -2.48689
-2.54375 -1.024 -2.40336
-1.77151 -1.03011 -2.34264
1.87714 -1.46268 -2.86583
2.83037 -1.48581 -2.81719
3.58792 -1.50236 -2.77467
4.9513 -1.547 -2.72943
5.23487 -1.54479 -2.69581
5.92848 -1.56254 -2.66234
7.37099 -1.6281 -2.65313
8.47404 -1.70394 -2.70028
11.4426 -2.29636 -3.64569
-0.507452 -1.24096 -2.64215
12.1672 -2.0138 -2.97603
-0.176511 0.990536 2.09534
-0.217891 0.996783 2.10429
4.14875 0.910336 2.36826
-9.33725 -1.29267 -3.65342
-6.3421 -0.892827 -2.50454
-7.06799 -1.28526 -3.40591
-5.04529 -1.03744 -2.67685
-4.00417 -1.01277 -2.51846
-3.09849 -1.01365 -2.42777
-2.1306 -1.02539 -2.35363
1.69484 -1.42739 -2.88013
2.5577 -1.44331 -2.83347
3.36076 -1.45842 -2.79065
4.81223 -1.50075 -2.74558
5.22422 -1.50293 -2.71164
-3.90027 -1.20906 -2.93535
7.32148 -1.57529 -2.67058
8.05916 -1.61171 -2.67969
10.0047 -1.87178 -3.05633
1.64349 0.583507 1.4373
12.6443 -2.0068 -3.09909
-0.214283 0.981781 2.1192
-0.256021 0.987835 2.12829
4.17919 0.913041 2.3833
-9.6068 -1.32816 -3.72629
-6.53719 -0.893309 -2.50386
-7.61853 -1.38989 -3.67258
-5.19655 -1.04477 -2.70374
-4.0673 -1.0106 -2.52444
-3.17027 -1.00736 -2.43338
-2.27575 -1.01336 -2.36242
1.87506 -1.43257 -2.87718
2.82968 -1.45357 -2.82936
3.64238 -1.47063 -2.78688
5.35077 -1.52708 -2.74193
5.41226 -1.51486 -2.70963
6.57914 -1.55511 -2.68254
6.99554 -1.56245 -2.65778
8.43432 -1.65381 -2.71424
9.89685 -1.85866 -3.01273
-0.772182 -1.21113 -2.65843
-0.0723072 0.953428 2.0699
-0.167867 0.972003 2.10058
-0.192703 0.974346 2.1032
-0.307929 0.996943 2.14062
-9.74032 -1.32309 -3.77351
-6.51786 -0.881326 -2.50836
-9.55462 -1.75079 -4.67621
-5.26957 -1.03745 -2.72283
-4.20332 -1.00091 -2.54024
-3.25149 -0.997839 -2.44087
-2.50937 -1.00058 -2.37444
2.33791 -1.46058 -2.86484
3.0684 -1.47314 -2.82207
4.74937 -1.52526 -2.77334
5.01597 -1.52147 -2.73984
6.30952 -1.56466 -2.70891
5.87386 -1.52896 -2.67411
7.2947 -1.58762 -2.66412
7.5081 -1.58556 -2.63939
9.05132 -1.71675 -2.77275
-0.872978 -1.22014 -2.65684
-0.0822247 0.957631 2.0728
-0.165498 0.973424 2.09863
-0.208675 0.97992 2.10839
-0.218322 0.978748 2.10497
-10.2659 -1.39337 -3.92193
-10.0308 -1.58883 -4.31723
-16.6739 -3.21019 -8.41529
-5.27577 -1.05239 -2.71777
-4.40026 -1.01483 -2.5541
-3.38945 -1.0081 -2.44343
-2.57724 -1.01107 -2.37239
2.61969 -1.46624 -2.86216
3.3641 -1.47968 -2.8201
4.538 -1.51155 -2.77666
4.88283 -1.51089 -2.74243
-5.15442 -1.26376 -3.16831
6.61885 -1.55986 -2.6821
7.40232 -1.5892 -2.67039
8.61114 -1.67391 -2.73681
10.6083 -2.02317 -3.29493
9.8531 -1.53525 -2.32154
13.1289 -2.08965 -3.19744
0.0219501 0.930773 2.02561
-0.0515937 0.944323 2.04764
2.2779 -1.26088 -2.45478
-10.1334 -1.37617 -3.88302
-8.11821 -1.19094 -3.2944
9.4326 2.08818 5.40078
-5.46742 -1.05992 -2.76145
-4.45064 -1.01151 -2.56096
-3.50157 -1.00259 -2.45152
-2.73153 -1.00364 -2.38047
1.98214 -1.44165 -2.87324
2.93757 -1.46112 -2.82651
5.43073 -1.54448 -2.77433
5.04752 -1.51341 -2.74327
-3.90346 -1.23082 -2.96635
6.50021 -1.54789 -2.6827
7.40128 -1.5823 -2.67301
7.76724 -1.59111 -2.65801
-23.1329 7.59663 14.1549
9.8347 -1.50319 -2.27851
0.226327 0.887842 1.95197
0.174383 0.896844 1.96644
3.8188 0.860446 2.22569
-9.37909 -1.33582 -3.69775
-6.59974 -0.911814 -2.53279
-6.67575 -1.25013 -3.26417
-5.13572 -1.06478 -2.72485
-4.1871 -1.03122 -2.56524
-3.33387 -1.02443 -2.47175
-2.44737 -1.02855 -2.39855
-1.67233 -1.03408 -2.3387
1.68227 -1.41913 -2.88332
2.8295 -1.44513 -2.83254
4.98986 -1.51405 -2.78008
4.94987 -1.49758 -2.7482
6.47391 -1.55005 -2.71949
6.01434 -1.51336 -2.68301
-2.36566 -1.21016 -2.80898
8.21735 -1.61528 -2.69796
-23.1743 7.55357 14.2046
1.83983 0.527581 1.34184
0.392826 0.843839 1.89088
0.284389 0.865493 1.9276
4.35525 0.942773 2.4745
-8.88554 -1.27793 -3.56377
-6.40568 -0.907657 -2.53158
-6.71267 -1.24374 -3.28711
-4.98517 -1.04812 -2.70288
-4.01522 -1.0213 -2.55437
-3.41171 -1.01306 -2.48026
-2.46128 -1.01835 -2.40304
-1.67129 -1.02445 -2.34252
3.0178 -1.47601 -2.8584
2.98292 -1.45987 -2.82701
4.32216 -1.49692 -2.78056
4.46 -1.48759 -2.74752
6.14016 -1.5447 -2.71208
6.4218 -1.54309 -2.6821
-3.70992 -1.19394 -2.88562
8.17643 -1.62333 -2.68936
-2.10054 -1.19329 -2.73273
-1.40393 -1.19761 -2.67644
-10.3389 3.61351 6.82056
0.0602268 -1.21211 -2.56975
0.099508 0.908458 1.9906
0.0277703 0.921521 2.01191
5.5735 1.15243 3.03014
-8.16259 -1.19175 -3.30007
-6.32835 -0.914045 -2.53066
-5.88534 -1.09451 -2.87674
-4.83389 -1.01604 -2.60914
-3.86065 -0.996714 -2.47601
-3.1911 -0.99205 -2.40296
3.08563 -1.4663 -2.86212
-9.66482 -1.57833 -4.31067
4.0589 -1.47429 -2.78745
4.31821 -1.46982 -2.75323
6.29775 -1.53986 -2.71809
6.54847 -1.53712 -2.68843
7.53784 -1.57831 -2.6843
8.75925 -1.67014 -2.76813
13.1473 -2.67093 -4.52522
-1.66824 -1.17966 -2.68948
12.7241 -2.00563 -3.12138
0.307579 0.858132 1.91983
0.114112 0.898256 1.98863
1.23253 -1.21014 -2.4814
5.80762 1.17067 3.11809
-8.43731 -1.19679 -3.3666
-6.33704 -0.880727 -2.4821
-6.32099 -1.13704 -3.03685
-5.12359 -1.0153 -2.65943
-4.12582 -0.985714 -2.50089
-3.32689 -0.980414 -2.41387
-9.81176 -1.63033 -4.39596
3.03403 -1.46148 -2.82644
3.64805 -1.47003 -2.78713
4.81228 -1.50146 -2.74532
5.82382 -1.52965 -2.71089
6.27989 -1.53563 -2.68092
7.09528 -1.56274 -2.66259
8.42287 -1.64551 -2.71578
9.65023 -1.80085 -2.93435
-9.56963 3.72775 7.14262
12.6447 -2.00815 -3.0986
0.629107 -1.23005 -2.55494
0.114501 0.904788 1.98503
2.73505 0.68673 1.76251
-8.76264 -1.25342 -3.48734
-6.3119 -0.915807 -2.53153
-6.53965 -1.20018 -3.16411
-5.00305 -1.0371 -2.66928
-4.0938 -1.0105 -2.5267
-3.23509 -1.00619 -2.43677
-2.58208 -1.00582 -2.37464
1.36348 -1.39807 -2.89346
-12.2887 -2.84742 -7.27592
4.04681 -1.4624 -2.79189
-4.15865 -1.23373 -3.03298
-3.29054 -1.2191 -2.923
-2.56522 -1.21611 -2.8512
7.96782 -1.59103 -2.71879
8.20584 -1.59445 -2.70482
11.6876 -2.25041 -3.81863
10.0516 -1.47277 -2.2739
0.453241 0.828242 1.86864
0.243146 0.871972 1.94488
-10.1104 -1.41481 -3.96275
-7.96625 -1.22369 -3.3539
1.84996 0.529667 1.34473
-5.27446 -1.07723 -2.79291
-4.45506 -1.03636 -2.63022
-3.53571 -1.02395 -2.52046
-2.94671 -1.01907 -2.45682
-2.03465 -1.02528 -2.38824
-1.26775 -1.03071 -2.33101
1.44189 -1.41209 -2.88759
2.54527 -1.43657 -2.83603
3.57551 -1.4606 -2.79044
4.81035 -1.49496 -2.74777
6.11588 -1.53678 -2.71451
6.1027 -1.52115 -2.68202
6.84886 -1.54308 -2.65875
8.18224 -1.6172 -2.69257
9.67177 -1.79896 -2.94388
1.84215 0.529105 1.33918
3.4851 0.8048 2.08952
-9.50851 -1.36799 -3.82832
-6.60566 -0.933086 -2.61523
-18.1753 -3.63349 -9.53689
-5.43032 -1.10101 -2.86641
-4.271 -1.0489 -2.64428
-3.63893 -1.03722 -2.55929
-2.86371 -1.03635 -2.48408
-1.95302 -1.04453 -2.41558
-1.05537 -1.0553 -2.3539
-0.173518 -1.06695 -2.29562
1.76283 -1.38116 -2.89714
2.82852 -1.39901 -2.84995
3.61125 -1.40968 -2.80985
4.18094 -1.4142 -2.77346
5.71155 -1.45418 -2.73762
-2.19712 -1.2107 -2.84061
7.12204 -1.48615 -2.69375
8.04503 -1.52795 -2.71152
10.1039 -1.79584 -3.14008
9.81456 -1.41428 -2.31408
12.528 -1.87785 -3.12494
2.23671 0.594423 1.54048
-8.41607 -1.26624 -3.47161
-6.3925 -1.02873 -2.77768
-6.57042 -1.24208 -3.26724
-4.74433 -1.05478 -2.70123
-3.86839 -1.03125 -2.57738
-3.14098 -1.02344 -2.50065
-2.32757 -1.02339 -2.43419
-1.49356 -1.02712 -2.37446
-0.822722 -1.0285 -2.3228
2.25297 -1.42709 -2.87769
2.82244 -1.43265 -2.83726
4.19569 -1.46925 -2.79019
4.93581 -1.48369 -2.75333
-3.58263 -1.21108 -2.94624
6.52547 -1.52336 -2.69296
7.81922 -1.58427 -2.70609
8.50456 -1.62743 -2.73672
9.05991 -1.67653 -2.79227
9.86042 -1.47418 -2.27844
13.223 -2.05835 -3.23856
0.236892 0.876571 1.94562
-10.8341 -1.50269 -4.24915
-8.14697 -1.21518 -3.37614
1.84442 0.529573 1.33936
-5.66793 -1.09844 -2.89364
-4.66146 -1.03275 -2.65795
-3.77453 -1.01556 -2.53878
-3.08618 -1.01114 -2.46569
-2.09836 -1.0193 -2.3923
-1.34289 -1.02495 -2.33492
2.55834 -1.45056 -2.86815
3.11896 -1.45445 -2.82918
3.80159 -1.46316 -2.79036
4.88096 -1.48729 -2.75139
6.846 -1.55491 -2.73173
6.68444 -1.53178 -2.69531
7.62453 -1.56835 -2.69503
8.84031 -1.65986 -2.79044
9.8865 -1.81138 -3.03014
9.95067 -1.46641 -2.2777
12.8633 -1.9906 -3.16663
0.277781 0.856785 1.93545
-10.8537 -1.55649 -4.23103
-8.17399 -1.26004 -3.36262
1.84338 0.521655 1.34208
-6.17801 -1.19234 -3.04732
-4.61121 -1.06448 -2.63805
-3.9185 -1.04496 -2.53725
-3.08782 -1.0392 -2.45456
-2.17256 -1.04278 -2.38496
-1.38567 -1.04679 -2.32715
2.62607 -1.43932 -2.87229
2.96106 -1.43641 -2.83585
4.52812 -1.47932 -2.7888
4.80596 -1.47536 -2.75517
6.83622 -1.54897 -2.73358
6.36495 -1.51092 -2.69279
-2.1434 -1.21084 -2.80167
8.53519 -1.62347 -2.74369
9.88627 -1.81034 -3.03052
10.0387 -1.4707 -2.27488
13.1012 -2.028 -3.21716
0.234613 0.867284 1.9516
-10.3418 -1.44017 -4.03918
-8.12789 -1.22434 -3.3688
1.84336 0.521979 1.34182
-5.65476 -1.10518 -2.88633
-4.60635 -1.03914 -2.64787
-3.92313 -1.02116 -2.5472
-3.08707 -1.01714 -2.46333
-2.12799 -1.02365 -2.39137
-1.37278 -1.02851 -2.33415
3.14502 -1.36592 -2.89999
3.59227 -1.3597 -2.86609
-9.19901 -2.17326 -5.29136
5.49494 -1.36917 -2.80418
5.77131 -1.36137 -2.77418
6.435 -1.36412 -2.75132
-2.70134 -1.2181 -2.81827
9.5123 -1.5511 -3.04437
9.72279 -1.56705 -3.07167
9.88802 -1.25922 -2.35938
0.66155 0.738679 1.8111
1.06713 -1.18147 -2.56883
3.86043 0.866748 2.24495
-9.36894 -1.44975 -3.64176
28.4778 5.70999 14.419
-9.15667 -1.81364 -4.46585
-5.3975 -1.13791 -2.75308
-4.50572 -1.07903 -2.57904
-3.61005 -1.05122 -2.47598
-2.69419 -1.03698 -2.40313
-1.98142 -1.02704 -2.34906
2.62642 -1.46168 -2.86387
4.27834 -1.51125 -2.81242
4.30722 -1.4976 -2.7802
5.48474 -1.53221 -2.74196
5.53758 -1.51961 -2.70971
6.76195 -1.56314 -2.68622
7.40168 -1.58498 -2.67199
8.92614 -1.70778 -2.79066
-0.123202 1.07105 2.33465
9.95583 -1.50813 -2.26136
0.61274 0.793592 1.80683
0.278273 0.865801 1.9305
0.168162 0.887699 1.96717
4.44208 0.948091 2.50716
-9.21841 -1.28489 -3.61819
-6.31523 -0.901864 -2.51382
-8.2016 -1.49374 -3.97112
-5.12519 -1.03749 -2.69221
-4.34307 -1.00694 -2.55134
-3.43636 -0.999856 -2.44915
-2.67976 -1.00127 -2.37966
1.87054 -1.43456 -2.87645
3.63181 -1.48442 -2.81913
4.12828 -1.48888 -2.78234
5.76819 -1.5419 -2.74315
6.14006 -1.54376 -2.71243
6.36842 -1.53949 -2.68191
-3.97008 -1.19557 -2.90822
8.42694 -1.64508 -2.71661
9.74728 -1.81853 -2.9661
12.3376 -1.98275 -3.07717
13.508 -2.13206 -3.28878
0.240165 0.878562 1.94294
0.114445 0.903845 1.98555
0.00658343 0.924884 2.02068
5.67068 1.15644 3.04733
-8.59658 -1.22402 -3.40144
-6.33109 -0.898752 -2.49076
-6.42107 -1.16455 -3.07046
-5.08273 -1.02576 -2.64716
-4.02274 -0.997597 -2.48764
-3.35757 -0.990903 -2.41113
2.62563 -1.41113 -2.8829
5.59992 1.24419 3.20598
3.64544 -1.41125 -2.80938
-6.29288 -1.1 -2.84003
6.51959 -1.47785 -2.74871
6.90309 -1.47947 -2.72453
6.98244 -1.46814 -2.69373
8.90425 -1.59414 -2.83338
10.3378 -1.82686 -3.24442
1.84128 0.524557 1.34215
13.0928 -1.92455 -3.26116
0.254704 0.851211 1.94991
0.12793 0.875179 1.99375
0.0150942 0.89595 2.03153
3.99142 0.882027 2.28848
-9.23818 -1.32696 -3.55521
-6.58735 -0.918325 -2.45948
-25.7233 -5.06405 -13.0147
-5.54544 -1.07534 -2.7314
-4.51002 -1.01645 -2.5262
-3.70724 -0.998035 -2.42739
3.17114 -1.47807 -2.85781
2.82961 -1.45022 -2.83062
4.03652 -1.48263 -2.78417
4.86833 -1.50198 -2.74568
6.18414 -1.54557 -2.71285
7.04581 -1.57547 -2.69426
7.53976 -1.59074 -2.67958
8.57861 -1.66295 -2.73529
1.80869 0.535927 1.36045
9.96121 -1.5057 -2.26224
12.4838 -1.98952 -3.06376
0.372973 0.846707 1.89312
0.207813 0.880878 1.95099
0.0483014 0.913445 2.00593
0.0314312 0.914296 2.00614
-10.2381 -1.35144 -3.87833
-8.17564 -1.16219 -3.27056
1.84339 0.52501 1.34023
-6.11085 -1.0909 -2.91733
-4.73738 -0.98954 -2.56588
-3.95471 -0.972808 -2.45422
3.17147 -1.48884 -2.85375
3.64356 -1.49232 -2.8162
4.3696 -1.50648 -2.77728
5.15788 -1.52436 -2.74042
8.33305 -1.6977 -2.80875
6.44066 -1.55277 -2.67895
8.21908 -1.65341 -2.72482
9.48989 -1.80244 -2.92264
11.7035 -2.31016 -3.79821
9.95698 -1.51331 -2.25933
13.1529 -2.09589 -3.20151
0.286052 0.871872 1.92344
0.174395 0.894237 1.96066
0.0607623 0.916755 1.99803
4.16392 0.919999 2.39607
-8.87838 -1.2443 -3.47895
-6.32995 -0.900736 -2.50077
-6.56879 -1.18538 -3.13272
-5.18709 -1.02896 -2.66625
-4.06844 -0.997121 -2.49149
-3.39972 -0.990419 -2.41341
1.40794 -1.42372 -2.88346
4.25252 -1.51676 -2.81016
4.26632 -1.50241 -2.77809
4.35144 -1.49098 -2.74542
5.33627 -1.51739 -2.7076
6.48905 -1.55576 -2.67931
8.57064 -1.68955 -2.76653
8.58055 -1.67355 -2.73128
9.834 -1.55189 -2.35024
0.994686 0.714818 1.66176
0.436586 0.837845 1.872
0.263788 0.874203 1.93338
0.144444 0.898256 1.97349
0.024665 0.922106 2.01315
-10.0922 -1.3702 -3.87156
-8.02366 -1.18903 -3.28477
2.28411 0.625563 1.59404
-5.93239 -1.09931 -2.89187
-4.69977 -1.01395 -2.59068
-3.7307 -0.999292 -2.46632
-3.0231 -0.99715 -2.39386
1.87331 -1.45617 -2.8683
2.83018 -1.47702 -2.8205
4.37071 -1.52347 -2.77085
5.02639 -1.53603 -2.73442
6.07268 -1.56798 -2.70154
6.56775 -1.57727 -2.67362
7.0993 -1.59108 -2.6518
9.57263 -1.83832 -2.93798
-0.122232 1.08549 2.3265
9.84802 -1.53197 -2.26226
0.429339 0.845783 1.87151
0.34101 0.863412 1.90037
0.195227 0.893705 1.95057
0.0610266 0.921068 1.99565
-10.097 -1.38422 -3.86667
-8.05183 -1.2019 -3.28365
4.81304 1.13622 2.9085
-5.88796 -1.106 -2.87237
-4.8127 -1.02692 -2.60139
-3.79363 -1.00941 -2.46632
-3.08978 -1.00665 -2.39277
3.16887 -1.40494 -2.88534
2.82817 -1.3823 -2.85626
4.11633 -1.40084 -2.81561
5.48555 -1.42515 -2.78272
5.52705 -1.41203 -2.75061
6.616 -1.43403 -2.73046
-3.85331 -1.20823 -2.89223
8.71574 -1.53206 -2.81645
15.7736 -2.95288 -5.55597
9.8077 -1.34843 -2.33434
13.0741 -1.86385 -3.28304
0.270906 0.831746 1.95194
0.141934 0.855495 1.99702
0.0541008 0.87062 2.02537
-9.91652 -1.43217 -3.78241
-8.07705 -1.25437 -3.26565
3.54767 0.874849 2.25804
-6.20416 -1.17442 -2.96649
-4.92137 -1.05132 -2.60811
-3.89599 -1.01879 -2.46957
-3.09499 -1.00735 -2.39271
3.17191 -1.50291 -2.84845
4.40597 -1.53729 -2.8035
-6.06315 -1.12599 -2.93092
4.87027 -1.52653 -2.73636
6.51553 -1.58667 -2.70681
6.48879 -1.56993 -2.67385
7.40491 -1.60645 -2.66382
8.93059 -1.73086 -2.78198
9.06328 -1.73108 -2.76978
10.03 -1.53034 -2.25172
0.436904 0.844242 1.86851
0.450008 0.839041 1.85873
0.18206 0.896744 1.95554
3.25986 0.778316 1.99825
-8.8688 -1.27341 -3.51149
-6.31398 -0.934116 -2.5479
-7.02345 -1.29302 -3.37688
-5.1568 -1.05394 -2.69155
-4.11795 -1.0218 -2.52417
-3.36058 -1.01571 -2.43893
-2.63347 -1.01684 -2.3719
3.17118 -1.47954 -2.85725
-8.02934 -1.43407 -3.80722
4.36894 -1.49621 -2.78116
4.46443 -1.4852 -2.74846
6.26344 -1.54733 -2.71428
6.45696 -1.54158 -2.68376
7.82292 -1.6071 -2.69743
9.48652 -1.78626 -2.92865
9.89389 -1.84515 -3.01771
10.0249 -1.5014 -2.26308
0.629689 0.787763 1.80141
0.329388 0.852031 1.91211
0.188646 0.880616 1.96066
5.74609 1.17029 3.10632
-8.76283 -1.25406 -3.48711
-6.31241 -0.919448 -2.53516
-7.52615 -1.37233 -3.6268
-5.14915 -1.0436 -2.69442
-4.28184 -1.01128 -2.54345
-3.35601 -1.0049 -2.44304
-2.63192 -1.00543 -2.37641
3.49636 -1.50814 -2.84724
2.96196 -1.47216 -2.82236
4.0604 -1.50106 -2.77732
5.21645 -1.53485 -2.73716
6.9073 -1.60205 -2.71633
-4.45703 -1.21734 -2.99918
7.40409 -1.60103 -2.66589
8.31431 -1.65609 -2.69498
15.9012 -3.29562 -5.45725
9.84637 -1.52446 -2.26521
12.9982 -2.08768 -3.16114
-5.9488 -1.21462 -3.1383
0.208209 0.887855 1.94716
0.0428916 0.922075 2.00412
-10.0445 -1.36518 -3.8575
-8.00379 -1.19023 -3.28587
2.90697 0.757684 1.93148
-5.88543 -1.09489 -2.87659
-4.73973 -1.01539 -2.59562
-3.79415 -0.999697 -2.47028
-3.11129 -0.996745 -2.39764
]
}
}
}
